cam0:
  camera_model: double_sphere
  intrinsics:
  - 461.629
  - 460.152
  - 362.68
  - 246.049
  distortion:
  - -0.28340811
  - 0.07395907
  - 0.00019359
  - 0.0000176187114
  - 0.0
  rostopic: /cam0/image_raw
  resolution:
  - 752
  - 480
