cam0:
  camera_model: double_sphere
  intrinsics:
    [
      348.112754378549,
      347.1109973814674,
      365.8121721753254,
      249.3555778487899,
      0.5657413673629862,
      -0.24425190195168348,
    ]
  rostopic: /cam0/image_raw
  resolution: [752, 480]
