cam0:
  camera_model: kannala_brandt
  intrinsics: [461.58688085556616, 460.2811732644195, 366.28603126815506, 249.08026891791644] 
  distortion: [-0.012523386218579752, 0.057836801948828065, -0.08495347810986263, 0.04362766880887814]
  rostopic: /cam0/image_raw
  resolution: [752, 480]