cam0:
  camera_model: radtan
  intrinsics: [461.629, 460.152, 362.680, 246.049]
  distortion: [-0.28340811, 0.07395907, 0.00019359, 1.76187114e-05, 0.0]
  rostopic: /cam0/image_raw
  resolution: [752, 480]
