cam0:
  camera_model: pinhole
  intrinsics: [461.629, 460.152, 362.680, 246.049]
  rostopic: /cam0/image_raw
  resolution: [752, 480]